210241	210241
210242	210242	
210243  210243
210244 	210244
210245 	210245
210246  210246
210247  210247
210248  210248
210249  210249
210250  210250
207003  207003
210251  210251
210252  210252
210253  210253
210254  210254
210255  210255
210256  210256
210257  210257
210258  210258
210259  210259
310241  TOC
310242  DBMS
310243  SEPM
310244  ISEE
310245  CN
310246  SDLPRAC
310247  DBMSLAB
310248  CNLAB
310250  S1
310251  S2
310252  S3
310253  S4
310254  S5
310255  SLAB1
310256  SLAB2
310257  SLAB3
310258  SLAB4
310261  310261
303141  303141
303142  303142
303143  303143
303144  303144
303145  303145
311121  311121
303146  303146
303147  303147
303148  303148
303149  303149
303150  303150
303151  303151
410241  410241
410242  410242
410243  410243
410244  410244
410245  410245
410246	410246
410247	410247
410248	410248
410250  410250
410251  410251
410252  410252
410253  410253
410254  410254
410255  410255
410256  410256
403141  403141
403142  403142
403143  403143
403144  403144
403145  403145
403146  403146
403147  403147
403148  403148
403149  403149
403150  403150
403151  403151
101011  101011
102003  102003
103004  103004
107001  107001
107002  107002
111006  111006
102012  102012
104010  104010
107008  107008
107009  107009
110005  110005
110013  110013